-1.062093606497273 -0.2894750357978967 -0.3947827172721496 -0.4166053815331766 -0.1210404526796348 -0.2863654164431968 -0.9827802906461426 -0.2665641252888378 -0.1339722985432593
-1.062093606497273 -0.2894750357978967 -0.3947827172721496 -0.4166053815331766 -1.223853465982973 -0.2863654164431968 0.8281856381849514 -0.2665641252888378 -0.1339722985432593
0.08009230475225332 -0.2894750357978967 -0.3947827172721496 -0.4166053815331766 -0.1210404526796348 -0.2863654164431968 -0.07729732623059554 0.8543721964385829 -0.1339722985432593
0.08009230475225332 -0.2894750357978967 -0.3947827172721496 -0.4166053815331766 -0.1210404526796348 -0.2863654164431968 0.8281856381849514 -0.2665641252888378 -0.1339722985432593
-1.062093606497273 -0.2894750357978967 -0.3947827172721496 -0.4166053815331766 -0.1210404526796348 2.531470281357859 -0.9827802906461426 -0.2665641252888378 -0.1339722985432593
0.6511852603770164 -0.2894750357978967 -0.3947827172721496 -0.4166053815331766 -0.1210404526796348 -0.2863654164431968 -0.07729732623059554 -0.2665641252888378 -0.1339722985432593
0.08009230475225332 -0.2894750357978967 -0.3947827172721496 -0.4166053815331766 -0.1210404526796348 -0.2863654164431968 -0.9827802906461426 -0.2665641252888378 -0.1339722985432593
1.793371171626543 -0.2894750357978967 -0.3947827172721496 -0.4166053815331766 -0.1210404526796348 -0.2863654164431968 0.8281856381849514 -0.2665641252888378 -0.1339722985432593
1.22227821600178 -0.2894750357978967 -0.3947827172721496 -0.4166053815331766 -0.1210404526796348 -0.2863654164431968 0.8281856381849514 -0.2665641252888378 -0.1339722985432593
-1.062093606497273 -0.2894750357978967 -0.3947827172721496 -0.4166053815331766 -0.1210404526796348 3.470748847291544 -0.9827802906461426 -0.2665641252888378 -0.1339722985432593
0.6511852603770164 -0.2894750357978967 0.5573403067371525 -0.4166053815331766 -0.1210404526796348 -0.2863654164431968 0.8281856381849514 -0.2665641252888378 -0.1339722985432593
-1.062093606497273 -0.2894750357978967 -0.3947827172721496 -0.4166053815331766 2.084585573927042 1.592191715424174 -0.9827802906461426 -0.2665641252888378 -0.1339722985432593
0.08009230475225332 -0.2894750357978967 -0.3947827172721496 -0.4166053815331766 -0.1210404526796348 -0.2863654164431968 -0.07729732623059554 -0.2665641252888378 -0.1339722985432593
0.08009230475225332 -0.2894750357978967 -0.3947827172721496 1.718497198824354 -0.1210404526796348 -0.2863654164431968 -0.07729732623059554 -0.2665641252888378 -0.1339722985432593
-1.062093606497273 -0.2894750357978967 1.509463330746455 -0.4166053815331766 -0.1210404526796348 -0.2863654164431968 -0.9827802906461426 -0.2665641252888378 -0.1339722985432593
-0.4910006508725098 -0.2894750357978967 -0.3947827172721496 -0.4166053815331766 -0.1210404526796348 -0.2863654164431968 0.8281856381849514 -0.2665641252888378 -0.1339722985432593
0.6511852603770164 3.022657931936178 2.461586354755757 2.786048489003119 4.290211600533719 3.470748847291544 4.450117495847139 1.975308518166004 -0.1339722985432593
-0.4910006508725098 -0.2894750357978967 -0.3947827172721496 -0.4166053815331766 -0.1210404526796348 -0.2863654164431968 -0.07729732623059554 -0.2665641252888378 -0.1339722985432593
-1.062093606497273 -0.2894750357978967 -0.3947827172721496 -0.4166053815331766 -0.1210404526796348 -0.2863654164431968 -0.07729732623059554 -0.2665641252888378 -0.1339722985432593
-0.4910006508725098 -0.2894750357978967 -0.3947827172721496 -0.4166053815331766 0.9817725606237037 -0.2863654164431968 -0.07729732623059554 -0.2665641252888378 -0.1339722985432593
-1.062093606497273 -0.2894750357978967 -0.3947827172721496 -0.4166053815331766 -0.1210404526796348 -0.2863654164431968 0.8281856381849514 -0.2665641252888378 -0.1339722985432593
-0.4910006508725098 -0.2894750357978967 -0.3947827172721496 -0.4166053815331766 -0.1210404526796348 -0.2863654164431968 -0.9827802906461426 -0.2665641252888378 -0.1339722985432593
1.22227821600178 -0.2894750357978967 -0.3947827172721496 1.718497198824354 -0.1210404526796348 -0.2863654164431968 -0.9827802906461426 -0.2665641252888378 -0.1339722985432593
-1.062093606497273 -0.2894750357978967 -0.3947827172721496 -0.4166053815331766 -0.1210404526796348 -0.2863654164431968 -0.9827802906461426 -0.2665641252888378 -0.1339722985432593
0.08009230475225332 -0.2894750357978967 -0.3947827172721496 -0.4166053815331766 -0.1210404526796348 -0.2863654164431968 -0.07729732623059554 -0.2665641252888378 -0.1339722985432593
-1.062093606497273 -0.2894750357978967 1.509463330746455 0.6509459086455887 -0.1210404526796348 -0.2863654164431968 0.8281856381849514 -0.2665641252888378 -0.1339722985432593
0.08009230475225332 -0.2894750357978967 -0.3947827172721496 -0.4166053815331766 -0.1210404526796348 -0.2863654164431968 0.8281856381849514 -0.2665641252888378 -0.1339722985432593
-0.4910006508725098 -0.2894750357978967 -0.3947827172721496 -0.4166053815331766 -0.1210404526796348 -0.2863654164431968 0.8281856381849514 -0.2665641252888378 -0.1339722985432593
1.22227821600178 -0.2894750357978967 -0.3947827172721496 1.718497198824354 -0.1210404526796348 -0.2863654164431968 -0.9827802906461426 -0.2665641252888378 -0.1339722985432593
-1.062093606497273 -0.2894750357978967 -0.3947827172721496 -0.4166053815331766 -0.1210404526796348 -0.2863654164431968 -0.9827802906461426 -0.2665641252888378 -0.1339722985432593
1.22227821600178 -0.2894750357978967 -0.3947827172721496 2.786048489003119 -0.1210404526796348 -0.2863654164431968 0.8281856381849514 -0.2665641252888378 -0.1339722985432593
0.6511852603770164 -0.2894750357978967 -0.3947827172721496 -0.4166053815331766 -0.1210404526796348 -0.2863654164431968 -0.07729732623059554 -0.2665641252888378 -0.1339722985432593
2.364464127251306 -0.2894750357978967 0.5573403067371525 1.718497198824354 -0.1210404526796348 -0.2863654164431968 -0.07729732623059554 -0.2665641252888378 -0.1339722985432593
1.793371171626543 -0.2894750357978967 1.509463330746455 -0.4166053815331766 -0.1210404526796348 -0.2863654164431968 0.8281856381849514 -0.2665641252888378 -0.1339722985432593
1.793371171626543 1.918613609358153 1.509463330746455 1.718497198824354 0.9817725606237037 0.6529131494904885 3.544634531431592 -0.2665641252888378 -0.1339722985432593
-1.062093606497273 -0.2894750357978967 -0.3947827172721496 -0.4166053815331766 -0.1210404526796348 -0.2863654164431968 -0.9827802906461426 -0.2665641252888378 -0.1339722985432593
1.22227821600178 -0.2894750357978967 -0.3947827172721496 1.718497198824354 2.084585573927042 -0.2863654164431968 0.8281856381849514 0.8543721964385829 -0.1339722985432593
0.08009230475225332 -0.2894750357978967 -0.3947827172721496 -0.4166053815331766 -0.1210404526796348 -0.2863654164431968 0.8281856381849514 -0.2665641252888378 -0.1339722985432593
-1.062093606497273 -0.2894750357978967 -0.3947827172721496 -0.4166053815331766 -0.1210404526796348 -0.2863654164431968 -0.9827802906461426 -0.2665641252888378 -0.1339722985432593
0.08009230475225332 -0.2894750357978967 -0.3947827172721496 1.718497198824354 -0.1210404526796348 -0.2863654164431968 -0.9827802906461426 -0.2665641252888378 -0.1339722985432593
2.935557082876069 3.022657931936178 2.461586354755757 3.853599779181884 2.084585573927042 5.349305979158915 4.450117495847139 7.579990126803106 2.612459821593554
0.6511852603770164 -0.2894750357978967 -0.3947827172721496 -0.4166053815331766 -1.223853465982973 -0.2863654164431968 -0.07729732623059554 -0.2665641252888378 -0.1339722985432593
-1.062093606497273 -0.2894750357978967 -0.3947827172721496 -0.4166053815331766 -0.1210404526796348 -0.2863654164431968 -0.9827802906461426 -0.2665641252888378 -0.1339722985432593
1.22227821600178 0.814569286780128 0.5573403067371525 0.6509459086455887 0.9817725606237037 -0.2863654164431968 -0.9827802906461426 1.975308518166004 -0.1339722985432593
1.22227821600178 6.334790899670252 5.317955426783664 -0.4166053815331766 3.187398587230381 6.288584545092601 0.8281856381849514 3.096244839893424 -0.1339722985432593
0.6511852603770164 -0.2894750357978967 -0.3947827172721496 -0.4166053815331766 -0.1210404526796348 -0.2863654164431968 -0.9827802906461426 0.8543721964385829 -0.1339722985432593
-0.4910006508725098 -0.2894750357978967 -0.3947827172721496 -0.4166053815331766 -1.223853465982973 -0.2863654164431968 -0.07729732623059554 -0.2665641252888378 -0.1339722985432593
0.08009230475225332 0.814569286780128 -0.3947827172721496 -0.4166053815331766 -1.223853465982973 -0.2863654164431968 -0.07729732623059554 -0.2665641252888378 -0.1339722985432593
1.22227821600178 -0.2894750357978967 -0.3947827172721496 -0.4166053815331766 -0.1210404526796348 -0.2863654164431968 -0.9827802906461426 -0.2665641252888378 -0.1339722985432593
1.22227821600178 1.918613609358153 2.461586354755757 -0.4166053815331766 2.084585573927042 -0.2863654164431968 0.8281856381849514 -0.2665641252888378 -0.1339722985432593
-0.4910006508725098 -0.2894750357978967 -0.3947827172721496 -0.4166053815331766 -0.1210404526796348 -0.2863654164431968 0.8281856381849514 -0.2665641252888378 -0.1339722985432593
0.08009230475225332 -0.2894750357978967 -0.3947827172721496 -0.4166053815331766 -0.1210404526796348 1.592191715424174 0.8281856381849514 -0.2665641252888378 -0.1339722985432593
0.6511852603770164 -0.2894750357978967 -0.3947827172721496 -0.4166053815331766 -0.1210404526796348 -0.2863654164431968 0.8281856381849514 -0.2665641252888378 -0.1339722985432593
0.6511852603770164 -0.2894750357978967 -0.3947827172721496 -0.4166053815331766 -0.1210404526796348 -0.2863654164431968 -0.07729732623059554 -0.2665641252888378 -0.1339722985432593
-1.062093606497273 0.814569286780128 1.509463330746455 -0.4166053815331766 -0.1210404526796348 -0.2863654164431968 -0.07729732623059554 -0.2665641252888378 -0.1339722985432593
0.6511852603770164 -0.2894750357978967 -0.3947827172721496 -0.4166053815331766 -0.1210404526796348 -0.2863654164431968 -0.07729732623059554 -0.2665641252888378 -0.1339722985432593
-1.062093606497273 -0.2894750357978967 -0.3947827172721496 -0.4166053815331766 -0.1210404526796348 -0.2863654164431968 0.8281856381849514 -0.2665641252888378 -0.1339722985432593
-1.062093606497273 -0.2894750357978967 -0.3947827172721496 -0.4166053815331766 -1.223853465982973 -0.2863654164431968 0.8281856381849514 -0.2665641252888378 -0.1339722985432593
0.6511852603770164 -0.2894750357978967 -0.3947827172721496 1.718497198824354 -1.223853465982973 -0.2863654164431968 -0.07729732623059554 -0.2665641252888378 -0.1339722985432593
1.22227821600178 -0.2894750357978967 -0.3947827172721496 -0.4166053815331766 -0.1210404526796348 -0.2863654164431968 0.8281856381849514 -0.2665641252888378 -0.1339722985432593
-1.062093606497273 -0.2894750357978967 -0.3947827172721496 -0.4166053815331766 -1.223853465982973 -0.2863654164431968 0.8281856381849514 -0.2665641252888378 -0.1339722985432593
1.22227821600178 -0.2894750357978967 -0.3947827172721496 -0.4166053815331766 -1.223853465982973 -0.2863654164431968 0.8281856381849514 -0.2665641252888378 -0.1339722985432593
1.22227821600178 -0.2894750357978967 -0.3947827172721496 4.921151069360649 0.9817725606237037 -0.2863654164431968 -0.9827802906461426 -0.2665641252888378 -0.1339722985432593
0.08009230475225332 -0.2894750357978967 -0.3947827172721496 -0.4166053815331766 -0.1210404526796348 -0.2863654164431968 -0.07729732623059554 -0.2665641252888378 -0.1339722985432593
0.08009230475225332 -0.2894750357978967 -0.3947827172721496 -0.4166053815331766 0.9817725606237037 -0.2863654164431968 -0.07729732623059554 -0.2665641252888378 -0.1339722985432593
0.6511852603770164 -0.2894750357978967 -0.3947827172721496 -0.4166053815331766 -0.1210404526796348 -0.2863654164431968 -0.9827802906461426 -0.2665641252888378 -0.1339722985432593
-1.062093606497273 -0.2894750357978967 -0.3947827172721496 -0.4166053815331766 -0.1210404526796348 -0.2863654164431968 -0.07729732623059554 -0.2665641252888378 -0.1339722985432593
-1.062093606497273 -0.2894750357978967 1.509463330746455 -0.4166053815331766 -0.1210404526796348 -0.2863654164431968 -0.07729732623059554 -0.2665641252888378 -0.1339722985432593
-0.4910006508725098 -0.2894750357978967 -0.3947827172721496 -0.4166053815331766 -0.1210404526796348 3.470748847291544 -0.9827802906461426 -0.2665641252888378 -0.1339722985432593
0.08009230475225332 -0.2894750357978967 -0.3947827172721496 0.6509459086455887 -0.1210404526796348 -0.2863654164431968 -0.9827802906461426 -0.2665641252888378 -0.1339722985432593
-1.062093606497273 -0.2894750357978967 -0.3947827172721496 -0.4166053815331766 -1.223853465982973 -0.2863654164431968 -0.07729732623059554 -0.2665641252888378 -0.1339722985432593
0.6511852603770164 0.814569286780128 0.5573403067371525 -0.4166053815331766 -0.1210404526796348 -0.2863654164431968 -0.07729732623059554 -0.2665641252888378 -0.1339722985432593
0.08009230475225332 -0.2894750357978967 -0.3947827172721496 -0.4166053815331766 -1.223853465982973 -0.2863654164431968 -0.07729732623059554 -0.2665641252888378 -0.1339722985432593
0.6511852603770164 -0.2894750357978967 1.509463330746455 1.718497198824354 -0.1210404526796348 -0.2863654164431968 -0.9827802906461426 -0.2665641252888378 -0.1339722985432593
0.08009230475225332 -0.2894750357978967 -0.3947827172721496 -0.4166053815331766 -0.1210404526796348 -0.2863654164431968 -0.07729732623059554 -0.2665641252888378 -0.1339722985432593
1.22227821600178 -0.2894750357978967 -0.3947827172721496 -0.4166053815331766 -1.223853465982973 -0.2863654164431968 -0.9827802906461426 -0.2665641252888378 -0.1339722985432593
0.08009230475225332 -0.2894750357978967 -0.3947827172721496 -0.4166053815331766 -0.1210404526796348 -0.2863654164431968 -0.9827802906461426 -0.2665641252888378 -0.1339722985432593
0.6511852603770164 -0.2894750357978967 -0.3947827172721496 0.6509459086455887 -0.1210404526796348 -0.2863654164431968 -0.9827802906461426 -0.2665641252888378 -0.1339722985432593
-1.062093606497273 -0.2894750357978967 -0.3947827172721496 -0.4166053815331766 -0.1210404526796348 -0.2863654164431968 0.8281856381849514 0.8543721964385829 -0.1339722985432593
0.08009230475225332 -0.2894750357978967 -0.3947827172721496 -0.4166053815331766 -0.1210404526796348 -0.2863654164431968 -0.07729732623059554 -0.2665641252888378 -0.1339722985432593
0.08009230475225332 -0.2894750357978967 -0.3947827172721496 -0.4166053815331766 -0.1210404526796348 -0.2863654164431968 -0.9827802906461426 -0.2665641252888378 -0.1339722985432593
0.08009230475225332 -0.2894750357978967 0.5573403067371525 -0.4166053815331766 -0.1210404526796348 -0.2863654164431968 -0.07729732623059554 -0.2665641252888378 -0.1339722985432593
-1.062093606497273 -0.2894750357978967 -0.3947827172721496 -0.4166053815331766 -1.223853465982973 -0.2863654164431968 -0.9827802906461426 -0.2665641252888378 -0.1339722985432593
1.22227821600178 -0.2894750357978967 -0.3947827172721496 -0.4166053815331766 -0.1210404526796348 -0.2863654164431968 -0.9827802906461426 -0.2665641252888378 -0.1339722985432593
0.08009230475225332 1.918613609358153 0.5573403067371525 0.6509459086455887 0.9817725606237037 -0.2863654164431968 -0.9827802906461426 0.8543721964385829 5.358891941730367
0.08009230475225332 0.814569286780128 0.5573403067371525 1.718497198824354 -0.1210404526796348 -0.2863654164431968 -0.9827802906461426 -0.2665641252888378 -0.1339722985432593
-1.062093606497273 -0.2894750357978967 -0.3947827172721496 -0.4166053815331766 -0.1210404526796348 -0.2863654164431968 -0.9827802906461426 -0.2665641252888378 -0.1339722985432593
0.08009230475225332 -0.2894750357978967 -0.3947827172721496 -0.4166053815331766 -0.1210404526796348 -0.2863654164431968 -0.07729732623059554 -0.2665641252888378 -0.1339722985432593
-1.062093606497273 -0.2894750357978967 -0.3947827172721496 -0.4166053815331766 -0.1210404526796348 -0.2863654164431968 -0.07729732623059554 -0.2665641252888378 -0.1339722985432593
1.22227821600178 -0.2894750357978967 -0.3947827172721496 -0.4166053815331766 -0.1210404526796348 -0.2863654164431968 -0.07729732623059554 0.8543721964385829 -0.1339722985432593
-1.062093606497273 -0.2894750357978967 -0.3947827172721496 -0.4166053815331766 -0.1210404526796348 3.470748847291544 -0.9827802906461426 -0.2665641252888378 -0.1339722985432593
0.08009230475225332 -0.2894750357978967 -0.3947827172721496 -0.4166053815331766 -0.1210404526796348 -0.2863654164431968 -0.9827802906461426 -0.2665641252888378 -0.1339722985432593
-1.062093606497273 0.814569286780128 0.5573403067371525 -0.4166053815331766 -0.1210404526796348 -0.2863654164431968 -0.07729732623059554 -0.2665641252888378 -0.1339722985432593
-1.062093606497273 -0.2894750357978967 -0.3947827172721496 -0.4166053815331766 -0.1210404526796348 -0.2863654164431968 -0.9827802906461426 -0.2665641252888378 -0.1339722985432593
1.22227821600178 -0.2894750357978967 0.5573403067371525 -0.4166053815331766 -0.1210404526796348 -0.2863654164431968 0.8281856381849514 -0.2665641252888378 -0.1339722985432593
0.6511852603770164 -0.2894750357978967 -0.3947827172721496 -0.4166053815331766 -0.1210404526796348 -0.2863654164431968 -0.07729732623059554 -0.2665641252888378 -0.1339722985432593
-1.062093606497273 -0.2894750357978967 -0.3947827172721496 -0.4166053815331766 -0.1210404526796348 -0.2863654164431968 0.8281856381849514 -0.2665641252888378 -0.1339722985432593
-1.062093606497273 -0.2894750357978967 1.509463330746455 -0.4166053815331766 -0.1210404526796348 -0.2863654164431968 -0.9827802906461426 -0.2665641252888378 -0.1339722985432593
-0.4910006508725098 -0.2894750357978967 -0.3947827172721496 -0.4166053815331766 -0.1210404526796348 -0.2863654164431968 0.8281856381849514 -0.2665641252888378 -0.1339722985432593
-1.062093606497273 -0.2894750357978967 -0.3947827172721496 -0.4166053815331766 -0.1210404526796348 -0.2863654164431968 0.8281856381849514 -0.2665641252888378 -0.1339722985432593
0.6511852603770164 -0.2894750357978967 -0.3947827172721496 -0.4166053815331766 -0.1210404526796348 -0.2863654164431968 0.8281856381849514 0.8543721964385829 -0.1339722985432593
0.08009230475225332 -0.2894750357978967 -0.3947827172721496 -0.4166053815331766 -0.1210404526796348 -0.2863654164431968 -0.07729732623059554 -0.2665641252888378 -0.1339722985432593
-1.062093606497273 -0.2894750357978967 -0.3947827172721496 -0.4166053815331766 -0.1210404526796348 -0.2863654164431968 0.8281856381849514 -0.2665641252888378 -0.1339722985432593
-1.062093606497273 -0.2894750357978967 -0.3947827172721496 1.718497198824354 -0.1210404526796348 -0.2863654164431968 -0.9827802906461426 -0.2665641252888378 -0.1339722985432593
0.08009230475225332 -0.2894750357978967 -0.3947827172721496 -0.4166053815331766 -0.1210404526796348 -0.2863654164431968 -0.9827802906461426 -0.2665641252888378 -0.1339722985432593
1.793371171626543 7.438835222248277 6.270078450792966 -0.4166053815331766 0.9817725606237037 2.531470281357859 0.8281856381849514 6.459053805075685 -0.1339722985432593
-1.062093606497273 -0.2894750357978967 -0.3947827172721496 -0.4166053815331766 -0.1210404526796348 -0.2863654164431968 -0.07729732623059554 1.975308518166004 -0.1339722985432593
-1.062093606497273 -0.2894750357978967 -0.3947827172721496 -0.4166053815331766 -0.1210404526796348 -0.2863654164431968 -0.9827802906461426 -0.2665641252888378 -0.1339722985432593
0.08009230475225332 -0.2894750357978967 -0.3947827172721496 -0.4166053815331766 -0.1210404526796348 -0.2863654164431968 0.8281856381849514 -0.2665641252888378 -0.1339722985432593
2.935557082876069 3.022657931936178 4.365832402774362 1.718497198824354 0.9817725606237037 -0.2863654164431968 1.733668602600498 1.975308518166004 -0.1339722985432593
-1.062093606497273 -0.2894750357978967 -0.3947827172721496 -0.4166053815331766 -0.1210404526796348 -0.2863654164431968 -0.07729732623059554 -0.2665641252888378 -0.1339722985432593
-1.062093606497273 -0.2894750357978967 -0.3947827172721496 -0.4166053815331766 -0.1210404526796348 -0.2863654164431968 -0.07729732623059554 -0.2665641252888378 -0.1339722985432593
-1.062093606497273 -0.2894750357978967 1.509463330746455 -0.4166053815331766 -0.1210404526796348 -0.2863654164431968 -0.9827802906461426 -0.2665641252888378 -0.1339722985432593
1.793371171626543 -0.2894750357978967 -0.3947827172721496 -0.4166053815331766 -0.1210404526796348 -0.2863654164431968 0.8281856381849514 -0.2665641252888378 -0.1339722985432593
-0.4910006508725098 -0.2894750357978967 -0.3947827172721496 -0.4166053815331766 0.9817725606237037 -0.2863654164431968 -0.07729732623059554 -0.2665641252888378 -0.1339722985432593
-1.062093606497273 -0.2894750357978967 -0.3947827172721496 -0.4166053815331766 -1.223853465982973 -0.2863654164431968 -0.07729732623059554 -0.2665641252888378 -0.1339722985432593
0.6511852603770164 -0.2894750357978967 -0.3947827172721496 -0.4166053815331766 -0.1210404526796348 -0.2863654164431968 0.8281856381849514 -0.2665641252888378 -0.1339722985432593
1.22227821600178 0.814569286780128 0.5573403067371525 2.786048489003119 -0.1210404526796348 2.531470281357859 -0.9827802906461426 -0.2665641252888378 -0.1339722985432593
-1.062093606497273 0.814569286780128 0.5573403067371525 -0.4166053815331766 -0.1210404526796348 -0.2863654164431968 -0.9827802906461426 -0.2665641252888378 -0.1339722985432593
0.08009230475225332 1.918613609358153 0.5573403067371525 4.921151069360649 0.9817725606237037 1.592191715424174 0.8281856381849514 4.217181161620845 -0.1339722985432593
-1.062093606497273 -0.2894750357978967 -0.3947827172721496 -0.4166053815331766 -0.1210404526796348 -0.2863654164431968 -0.9827802906461426 -0.2665641252888378 -0.1339722985432593
1.22227821600178 -0.2894750357978967 -0.3947827172721496 -0.4166053815331766 -0.1210404526796348 -0.2863654164431968 -0.07729732623059554 -0.2665641252888378 -0.1339722985432593
-0.4910006508725098 1.918613609358153 -0.3947827172721496 -0.4166053815331766 0.9817725606237037 -0.2863654164431968 -0.9827802906461426 -0.2665641252888378 -0.1339722985432593
-1.062093606497273 -0.2894750357978967 -0.3947827172721496 -0.4166053815331766 -1.223853465982973 -0.2863654164431968 -0.9827802906461426 1.975308518166004 -0.1339722985432593
-1.062093606497273 -0.2894750357978967 -0.3947827172721496 -0.4166053815331766 -0.1210404526796348 -0.2863654164431968 -0.9827802906461426 -0.2665641252888378 -0.1339722985432593
1.22227821600178 -0.2894750357978967 -0.3947827172721496 -0.4166053815331766 -0.1210404526796348 -0.2863654164431968 -0.07729732623059554 -0.2665641252888378 -0.1339722985432593
-1.062093606497273 -0.2894750357978967 -0.3947827172721496 -0.4166053815331766 -0.1210404526796348 0.6529131494904885 -0.07729732623059554 -0.2665641252888378 -0.1339722985432593
-1.062093606497273 -0.2894750357978967 -0.3947827172721496 -0.4166053815331766 -0.1210404526796348 -0.2863654164431968 -0.07729732623059554 -0.2665641252888378 -0.1339722985432593
0.6511852603770164 -0.2894750357978967 -0.3947827172721496 -0.4166053815331766 -0.1210404526796348 -0.2863654164431968 0.8281856381849514 -0.2665641252888378 -0.1339722985432593
-0.4910006508725098 -0.2894750357978967 -0.3947827172721496 -0.4166053815331766 -0.1210404526796348 -0.2863654164431968 0.8281856381849514 -0.2665641252888378 -0.1339722985432593
0.08009230475225332 -0.2894750357978967 -0.3947827172721496 -0.4166053815331766 -0.1210404526796348 -0.2863654164431968 -0.9827802906461426 -0.2665641252888378 -0.1339722985432593
-0.4910006508725098 -0.2894750357978967 -0.3947827172721496 0.6509459086455887 -0.1210404526796348 -0.2863654164431968 0.8281856381849514 -0.2665641252888378 -0.1339722985432593
-0.4910006508725098 -0.2894750357978967 -0.3947827172721496 -0.4166053815331766 -0.1210404526796348 -0.2863654164431968 -0.9827802906461426 -0.2665641252888378 10.85175618200399
1.793371171626543 -0.2894750357978967 -0.3947827172721496 -0.4166053815331766 -0.1210404526796348 -0.2863654164431968 0.8281856381849514 -0.2665641252888378 -0.1339722985432593
0.08009230475225332 -0.2894750357978967 -0.3947827172721496 -0.4166053815331766 -0.1210404526796348 -0.2863654164431968 -0.07729732623059554 -0.2665641252888378 -0.1339722985432593
0.08009230475225332 -0.2894750357978967 0.5573403067371525 -0.4166053815331766 -0.1210404526796348 -0.2863654164431968 0.8281856381849514 -0.2665641252888378 -0.1339722985432593
-1.062093606497273 -0.2894750357978967 -0.3947827172721496 -0.4166053815331766 -0.1210404526796348 -0.2863654164431968 -0.07729732623059554 -0.2665641252888378 2.612459821593554
0.08009230475225332 -0.2894750357978967 -0.3947827172721496 0.6509459086455887 -0.1210404526796348 -0.2863654164431968 -0.9827802906461426 -0.2665641252888378 -0.1339722985432593
-1.062093606497273 -0.2894750357978967 -0.3947827172721496 0.6509459086455887 -0.1210404526796348 -0.2863654164431968 -0.07729732623059554 -0.2665641252888378 -0.1339722985432593
-1.062093606497273 -0.2894750357978967 1.509463330746455 -0.4166053815331766 -0.1210404526796348 -0.2863654164431968 -0.07729732623059554 -0.2665641252888378 -0.1339722985432593
-0.4910006508725098 -0.2894750357978967 -0.3947827172721496 -0.4166053815331766 -0.1210404526796348 -0.2863654164431968 -0.07729732623059554 -0.2665641252888378 -0.1339722985432593
-1.062093606497273 -0.2894750357978967 -0.3947827172721496 -0.4166053815331766 -0.1210404526796348 -0.2863654164431968 -0.07729732623059554 -0.2665641252888378 -0.1339722985432593
1.793371171626543 -0.2894750357978967 1.509463330746455 0.6509459086455887 -0.1210404526796348 -0.2863654164431968 -0.9827802906461426 -0.2665641252888378 -0.1339722985432593
1.793371171626543 -0.2894750357978967 -0.3947827172721496 1.718497198824354 -0.1210404526796348 -0.2863654164431968 -0.9827802906461426 -0.2665641252888378 -0.1339722985432593
0.6511852603770164 -0.2894750357978967 -0.3947827172721496 -0.4166053815331766 -0.1210404526796348 -0.2863654164431968 -0.9827802906461426 -0.2665641252888378 -0.1339722985432593
0.08009230475225332 -0.2894750357978967 -0.3947827172721496 2.786048489003119 0.9817725606237037 -0.2863654164431968 -0.07729732623059554 0.8543721964385829 -0.1339722985432593
1.22227821600178 -0.2894750357978967 -0.3947827172721496 -0.4166053815331766 -0.1210404526796348 -0.2863654164431968 -0.9827802906461426 -0.2665641252888378 -0.1339722985432593
-1.062093606497273 -0.2894750357978967 -0.3947827172721496 -0.4166053815331766 -0.1210404526796348 -0.2863654164431968 0.8281856381849514 -0.2665641252888378 -0.1339722985432593
0.6511852603770164 -0.2894750357978967 0.5573403067371525 -0.4166053815331766 -0.1210404526796348 -0.2863654164431968 -0.07729732623059554 -0.2665641252888378 -0.1339722985432593
-0.4910006508725098 -0.2894750357978967 -0.3947827172721496 -0.4166053815331766 -0.1210404526796348 -0.2863654164431968 0.8281856381849514 -0.2665641252888378 -0.1339722985432593
0.08009230475225332 -0.2894750357978967 -0.3947827172721496 -0.4166053815331766 -0.1210404526796348 2.531470281357859 -0.9827802906461426 -0.2665641252888378 -0.1339722985432593
1.22227821600178 -0.2894750357978967 1.509463330746455 -0.4166053815331766 -0.1210404526796348 -0.2863654164431968 -0.07729732623059554 -0.2665641252888378 -0.1339722985432593
-1.062093606497273 -0.2894750357978967 -0.3947827172721496 -0.4166053815331766 -1.223853465982973 -0.2863654164431968 0.8281856381849514 -0.2665641252888378 -0.1339722985432593
-1.062093606497273 -0.2894750357978967 -0.3947827172721496 -0.4166053815331766 -0.1210404526796348 -0.2863654164431968 0.8281856381849514 -0.2665641252888378 -0.1339722985432593
-1.062093606497273 -0.2894750357978967 -0.3947827172721496 -0.4166053815331766 -0.1210404526796348 -0.2863654164431968 -0.9827802906461426 -0.2665641252888378 -0.1339722985432593
-1.062093606497273 -0.2894750357978967 -0.3947827172721496 -0.4166053815331766 -1.223853465982973 -0.2863654164431968 0.8281856381849514 -0.2665641252888378 -0.1339722985432593
1.22227821600178 -0.2894750357978967 2.461586354755757 -0.4166053815331766 -0.1210404526796348 -0.2863654164431968 0.8281856381849514 0.8543721964385829 -0.1339722985432593
-1.062093606497273 -0.2894750357978967 -0.3947827172721496 -0.4166053815331766 0.9817725606237037 0.6529131494904885 -0.07729732623059554 -0.2665641252888378 -0.1339722985432593
0.08009230475225332 -0.2894750357978967 -0.3947827172721496 -0.4166053815331766 -0.1210404526796348 -0.2863654164431968 -0.07729732623059554 -0.2665641252888378 -0.1339722985432593
0.08009230475225332 -0.2894750357978967 -0.3947827172721496 1.718497198824354 -1.223853465982973 -0.2863654164431968 0.8281856381849514 -0.2665641252888378 -0.1339722985432593
1.22227821600178 1.918613609358153 -0.3947827172721496 0.6509459086455887 -0.1210404526796348 -0.2863654164431968 -0.07729732623059554 -0.2665641252888378 -0.1339722985432593
-1.062093606497273 -0.2894750357978967 -0.3947827172721496 -0.4166053815331766 8.701463653747073 -0.2863654164431968 -0.9827802906461426 -0.2665641252888378 -0.1339722985432593
-1.062093606497273 -0.2894750357978967 -0.3947827172721496 -0.4166053815331766 -0.1210404526796348 -0.2863654164431968 0.8281856381849514 -0.2665641252888378 -0.1339722985432593
1.793371171626543 0.814569286780128 -0.3947827172721496 -0.4166053815331766 -1.223853465982973 -0.2863654164431968 4.450117495847139 -0.2665641252888378 -0.1339722985432593
